1 4
16 4
29 10
30 8
31 6
32 4
35 4
37 4
84 4
86 6
87 4
147 4
152 4
154 4
167 4
168 4
186 4
188 8
189 6
190 4
201 4
207 4
229 6
230 4
233 8
234 6
235 4
241 6
242 4
254 4
270 8
271 6
272 4
275 4
291 4
386 4
389 4
425 4
433 6
434 4
490 4
494 12
495 10
496 8
497 6
498 4
523 6
524 4
535 4
536 4
554 4
581 4
616 6
617 4
640 10
641 8
642 6
643 4
645 4
654 8
655 6
656 4
666 4
676 6
677 4
681 4
686 6
687 4
688 6
689 4
692 6
693 4
716 4
723 4
725 4
767 4
802 4
848 8
849 6
850 4
860 10
861 8
862 6
863 4
943 4
951 4
964 10
965 8
966 6
967 4
969 4
988 6
989 4
995 4
