957
899 727
594 302
56 299
446 506
196 927
75 2
660 7
540 318
221 290
248 357
239 144
499 195
59 359
697 480
800 677
183 137
603 124
777 420
497 852
74 48
43 28
21 145
762 845
763 559
457 464
626 627
134 292
376 529
948 712
205 110
526 120
288 593
758 835
13 14
201 73
260 28
23 4
60 181
409 189
121 151
519 677
660 715
492 464
3 60
154 50
222 10
244 208
908 747
20 311
466 569
467 293
572 132
790 744
157 67
109 433
17 514
99 379
172 223
184 378
58 61
60 230
251 954
354 113
733 332
92 276
323 91
572 589
193 403
600 93
84 457
434 762
45 44
601 671
524 148
785 259
420 393
347 679
515 83
854 843
587 510
801 707
453 118
291 695
898 401
867 510
768 737
99 198
363 454
244 617
471 932
786 460
730 892
426 681
599 187
383 94
183 651
479 672
150 4
102 404
296 432
253 895
55 43
107 342
79 562
69 200
171 421
693 106
765 716
223 530
896 570
159 1
424 4
18 44
343 318
522 443
103 193
6 1
114 13
635 444
118 415
8 7
42 449
38 220
161 258
550 296
654 114
234 69
823 372
283 35
455 45
24 554
31 127
98 113
238 15
58 318
397 678
344 607
203 547
68 626
577 346
214 570
162 113
15 1
931 660
628 788
542 3
594 685
81 180
140 212
885 949
209 922
656 273
392 81
592 494
310 122
622 736
866 167
113 834
681 904
206 226
16 302
271 252
15 76
69 68
27 413
418 374
812 417
79 471
154 951
131 442
194 308
503 745
326 76
310 534
89 391
44 64
76 110
434 239
8 376
919 510
759 258
789 799
274 245
595 415
71 179
59 249
622 531
557 299
49 54
528 208
385 692
155 217
83 196
930 534
575 717
19 868
77 47
2 689
31 348
140 33
327 241
24 112
25 316
241 145
91 28
10 79
40 23
192 918
137 261
712 103
423 191
5 125
36 425
670 241
1 26
728 131
810 420
241 620
847 273
702 535
228 336
724 556
262 189
618 855
891 129
41 152
741 545
186 355
219 280
939 744
628 546
139 153
943 6
59 377
827 488
76 764
145 440
372 533
602 576
815 381
214 147
661 142
4 507
113 287
520 313
161 106
259 822
197 511
463 615
359 601
229 130
343 362
876 523
935 906
125 167
632 75
356 792
508 543
191 208
356 221
753 390
237 616
175 67
308 900
752 781
363 619
791 700
235 13
446 99
598 412
120 721
30 463
183 957
831 330
342 497
399 196
276 384
14 18
336 657
100 45
28 608
559 18
795 501
27 884
366 888
29 130
573 732
234 242
946 711
68 472
167 168
3 41
118 65
669 652
581 662
16 116
826 276
147 202
21 560
78 22
294 1
2 20
219 180
111 47
575 238
273 303
268 650
35 124
245 177
574 808
247 322
245 903
585 304
187 674
56 19
752 26
743 419
844 164
558 151
789 576
167 881
516 952
148 838
249 279
277 937
663 613
301 191
232 32
65 99
142 839
48 644
216 451
80 237
16 32
216 284
776 386
3 4
191 710
726 28
480 606
210 862
691 64
108 26
825 686
433 708
137 9
784 671
145 243
5 9
264 205
344 278
478 17
10 133
120 259
71 21
5 128
399 582
97 22
55 185
6 84
742 665
195 97
217 621
256 19
2 5
138 686
221 195
866 941
283 337
264 459
28 371
754 350
806 560
156 72
638 456
155 166
838 916
12 11
514 640
30 902
172 435
401 816
549 796
723 366
62 26
751 374
151 782
17 468
429 146
2 16
87 396
104 10
559 639
750 660
155 163
331 111
325 169
93 297
41 135
8 82
135 590
370 264
261 358
40 65
338 150
268 85
740 882
804 153
17 109
716 129
168 231
103 194
117 494
340 43
501 159
221 247
303 441
18 173
469 75
11 566
117 7
305 135
97 438
89 4
17 610
253 312
849 60
441 860
470 772
267 229
22 120
131 20
43 107
756 89
85 57
869 726
390 6
568 452
226 493
143 714
270 176
875 327
79 880
13 34
249 296
224 246
81 188
359 479
11 67
727 21
95 266
228 192
744 622
123 115
680 319
504 189
59 35
634 522
794 347
94 96
464 580
171 39
477 666
684 59
106 41
72 58
117 571
395 917
86 848
778 271
190 106
399 645
100 682
265 351
250 430
57 50
155 209
227 347
124 485
911 677
591 923
365 20
15 397
623 178
169 51
865 695
947 559
779 548
938 501
154 738
206 107
828 476
747 934
328 150
120 667
106 263
79 321
304 297
955 168
675 272
174 516
740 636
573 836
29 19
9 38
495 387
220 462
385 68
410 103
554 906
129 613
885 340
914 688
11 734
210 43
232 758
493 699
912 658
236 163
90 48
129 67
718 479
561 21
538 54
91 549
450 80
203 604
508 406
820 14
337 367
288 886
445 496
725 274
87 186
194 317
287 387
207 11
373 461
27 466
363 278
498 851
382 448
76 182
85 309
858 716
395 302
158 52
739 850
643 770
58 184
495 574
93 527
329 290
224 394
811 887
518 149
473 202
75 889
591 236
269 360
814 217
678 703
2 3
30 51
250 89
793 589
771 348
535 192
22 15
832 715
436 387
291 227
853 605
292 787
22 48
529 642
292 372
212 509
177 89
80 170
316 498
53 819
105 345
112 248
697 737
929 10
33 10
629 532
29 729
565 88
546 117
433 487
205 573
282 373
386 924
352 143
22 172
148 96
221 673
28 36
610 879
352 676
829 712
926 940
893 877
475 137
142 59
799 864
465 646
596 766
30 10
486 394
271 286
68 47
624 5
167 452
641 459
46 25
119 68
21 894
500 138
537 195
552 157
813 145
647 11
40 687
877 684
67 512
609 664
490 683
842 535
306 299
833 202
76 215
35 3
196 285
204 156
349 489
36 52
233 517
668 331
140 332
25 12
926 384
115 233
223 335
563 247
141 37
565 803
288 256
1 13
74 605
274 374
17 165
240 217
17 115
73 9
761 239
377 612
474 505
92 6
541 362
491 490
942 551
80 3
648 462
353 907
704 454
755 39
694 20
567 113
324 386
491 841
578 440
120 690
210 711
284 319
73 805
29 349
437 417
216 361
901 258
334 193
47 846
350 8
61 307
33 700
88 93
126 60
2 1
33 444
189 158
837 144
132 91
149 30
182 278
956 276
76 160
176 20
17 86
477 611
192 426
427 609
165 488
236 871
369 706
767 468
936 630
298 26
625 257
146 89
47 197
102 31
12 21
780 312
859 365
10 1
255 228
175 532
64 81
134 124
6 103
661 909
751 870
15 28
715 797
43 70
840 554
144 192
553 320
272 167
592 925
97 366
652 284
122 32
98 333
66 138
427 250
33 490
773 488
434 735
42 19
698 497
443 16
105 56
98 49
56 320
381 158
477 104
890 729
273 261
953 553
211 121
474 119
412 50
22 510
121 69
11 707
499 696
187 142
222 419
551 279
709 619
269 393
928 571
143 47
224 182
243 843
226 402
89 164
364 548
74 369
40 364
28 49
883 162
287 339
4 31
246 324
191 11
57 416
950 730
40 174
476 269
460 146
597 352
649 136
125 346
576 129
544 201
282 821
87 13
361 636
809 390
655 343
398 384
254 10
301 368
355 584
817 319
499 579
1 136
282 115
933 10
596 556
658 415
775 137
139 32
327 519
66 36
456 614
313 480
63 513
665 369
252 140
357 411
81 405
281 749
63 26
252 281
688 419
653 225
456 442
857 422
213 159
257 96
525 583
53 482
874 713
523 75
401 328
3 407
415 422
66 445
144 93
618 349
811 106
521 508
141 630
464 760
47 16
100 525
43 300
861 309
314 179
913 170
400 46
225 155
905 944
224 910
83 24
162 295
667 722
419 447
83 203
637 331
27 5
830 185
95 58
53 503
878 626
24 3
631 341
706 920
824 499
334 439
100 921
39 406
375 154
331 388
