935
271 33
1 7
420 189
704 611
559 157
507 503
181 566
662 572
3 140
5 6
685 543
518 748
122 74
877 666
121 528
379 387
270 375
736 20
797 400
35 752
74 70
57 126
18 135
277 150
268 82
493 252
481 494
103 466
394 65
139 55
262 169
677 713
517 255
352 212
11 816
52 189
824 660
15 13
811 679
245 526
544 367
135 751
640 92
839 551
705 129
866 278
15 89
27 39
201 179
49 170
213 798
418 831
594 55
72 188
53 79
160 33
867 643
177 142
552 584
562 931
21 865
706 793
365 477
761 98
374 639
120 179
65 336
2 452
39 254
47 288
712 918
198 49
313 68
463 37
29 55
210 300
256 67
180 82
727 658
671 389
586 837
11 242
16 285
632 191
451 366
315 148
295 411
12 4
545 337
542 235
5 13
407 340
125 62
808 125
126 246
155 128
290 577
388 706
27 44
553 702
728 142
757 487
172 332
664 709
9 252
593 317
35 64
72 196
101 654
42 427
488 310
47 112
296 455
618 552
95 24
116 833
229 588
733 237
40 329
661 327
803 881
681 492
449 612
914 22
457 263
892 240
297 456
118 491
353 311
13 889
130 89
502 441
801 195
343 922
378 729
510 311
601 520
356 608
10 581
605 411
337 254
99 572
100 527
56 3
505 570
104 37
115 384
293 737
108 575
178 344
613 864
29 22
207 714
226 136
432 813
825 541
173 176
840 739
43 186
340 342
336 625
528 619
220 62
82 42
304 165
885 501
117 112
19 68
17 497
166 487
501 457
822 542
309 242
443 168
106 114
123 695
34 49
18 80
482 414
884 767
412 55
197 216
159 224
450 682
538 349
475 233
562 318
116 47
148 48
72 33
227 325
738 99
489 739
223 175
650 235
97 875
5 2
356 209
18 500
796 616
106 7
450 397
14 195
103 10
373 262
842 29
389 876
303 495
871 16
524 104
747 121
928 64
169 44
393 658
934 351
628 112
115 376
19 45
909 487
746 27
924 886
237 66
260 557
688 804
722 487
449 46
483 150
47 69
26 43
227 46
288 553
14 858
47 21
161 191
289 7
299 742
404 422
90 383
98 44
327 361
302 512
308 343
194 492
309 348
352 600
104 197
210 680
263 183
890 336
127 199
312 91
758 578
372 311
429 179
584 916
224 328
76 71
269 446
523 324
136 163
124 440
672 386
910 663
139 251
93 261
322 139
285 515
99 152
441 579
879 811
159 644
141 239
634 677
208 278
18 777
83 34
675 721
75 24
48 235
357 880
85 9
164 30
238 209
76 508
832 544
660 483
833 841
207 388
400 641
755 926
158 405
1 386
206 203
870 150
812 32
451 556
724 260
776 722
42 28
815 194
331 166
323 454
355 225
204 95
408 261
83 88
894 797
235 480
207 175
449 887
37 770
3 4
107 533
785 480
567 42
632 783
276 279
753 779
42 817
109 529
92 178
61 351
398 382
324 135
337 561
168 291
762 500
196 349
856 790
548 230
107 319
448 626
225 247
784 761
73 307
209 232
83 849
249 226
421 375
339 891
67 326
725 688
568 186
166 146
145 615
121 168
642 125
57 38
137 149
448 589
96 439
15 35
645 91
172 602
23 274
540 519
782 506
638 200
97 363
582 424
311 24
380 44
32 60
161 55
361 576
521 859
846 88
165 79
476 31
818 381
52 2
182 87
652 17
96 45
388 753
730 180
749 102
182 541
167 104
769 294
164 229
805 3
135 236
365 36
687 377
78 58
603 611
111 74
225 56
298 215
141 431
190 222
312 396
54 775
663 159
874 921
14 16
182 320
838 591
823 202
228 4
154 117
872 49
73 101
8 518
613 712
686 448
654 759
590 377
230 10
48 1
333 347
148 156
666 5
321 223
509 800
47 193
272 25
114 424
37 123
14 8
695 920
164 530
312 339
138 46
902 254
107 691
59 8
71 270
787 49
568 653
533 699
299 896
89 120
275 59
378 168
461 201
424 720
62 474
419 289
481 8
534 191
52 115
432 269
173 334
498 7
183 138
465 272
732 246
3 19
193 467
714 771
176 426
113 96
228 374
284 278
616 930
746 807
256 359
167 181
436 616
834 378
792 760
364 689
99 70
122 314
26 24
91 210
472 14
45 93
37 109
93 382
273 99
62 248
764 406
1 11
409 228
32 11
913 7
69 70
392 560
19 105
358 917
278 760
683 603
520 780
899 692
175 294
255 247
338 84
188 287
35 51
397 305
511 70
414 366
280 75
101 486
97 723
52 598
174 435
110 447
574 70
2 340
75 243
925 18
543 878
413 144
183 790
62 345
670 703
49 54
49 596
584 621
370 444
417 293
24 110
48 416
563 506
50 61
520 444
3 1
461 637
604 577
651 111
358 295
141 27
105 297
95 367
509 357
648 239
342 895
131 36
436 280
90 719
145 16
346 919
121 102
436 458
108 923
523 848
181 244
9 675
911 51
112 679
212 43
393 521
646 479
95 854
406 860
310 98
802 457
192 106
160 696
184 31
272 830
799 835
8 5
364 551
208 193
496 394
8 9
716 134
53 828
400 354
733 851
174 623
442 390
312 462
40 173
378 794
95 240
255 774
349 354
333 158
283 35
21 13
257 694
234 97
1 33
13 20
413 692
68 97
66 810
157 159
7 264
387 643
127 200
276 469
634 196
10 7
904 572
15 62
150 366
734 83
4 299
710 376
379 322
426 586
606 799
296 191
669 241
372 636
708 81
622 162
185 93
353 401
897 341
356 635
225 231
250 295
151 78
821 912
903 574
58 18
863 260
404 378
683 756
282 418
745 478
66 52
114 147
795 788
585 577
75 395
611 893
215 124
143 87
111 171
143 318
468 116
845 798
288 428
201 473
157 99
202 371
673 522
15 67
248 599
9 31
547 853
4 460
655 131
360 244
382 499
617 27
649 594
503 836
773 484
114 233
518 535
34 133
372 717
1 633
46 303
61 91
116 301
78 87
439 690
847 789
402 92
265 96
388 433
772 159
624 289
399 6
126 852
788 331
133 174
73 36
82 888
146 111
104 250
86 555
320 330
22 136
446 565
211 166
150 14
119 20
514 130
578 697
266 67
58 308
202 536
89 137
559 766
127 50
1 202
385 415
218 202
18 10
17 10
855 632
352 591
213 403
132 88
549 160
668 141
873 761
908 490
90 37
554 331
119 129
92 587
189 665
36 17
484 87
262 674
750 143
369 309
609 73
69 190
237 744
63 175
883 713
423 12
127 327
24 898
1 2
531 583
341 30
76 441
809 794
434 396
323 58
282 182
470 273
16 217
844 200
927 267
868 170
907 732
471 374
26 478
27 10
381 312
676 460
578 271
128 22
861 700
326 906
37 219
787 827
230 479
505 462
79 92
43 158
373 571
451 537
266 513
362 39
56 607
531 389
915 483
829 96
187 83
630 418
214 53
162 437
486 778
504 324
364 385
50 15
25 40
108 92
341 580
150 267
453 286
8 37
10 606
731 526
321 631
330 768
438 253
354 539
886 626
578 603
32 153
656 95
201 209
36 38
52 754
489 212
684 540
118 116
23 13
935 430
276 244
819 461
181 627
610 3
71 21
112 245
715 225
46 38
490 667
77 39
221 105
445 158
370 353
367 670
932 141
78 213
9 28
786 349
765 749
874 14
241 101
84 726
3 162
303 789
94 142
213 368
22 30
45 144
535 550
56 410
258 152
53 42
335 191
543 361
332 613
593 743
203 186
96 102
707 428
678 107
465 701
112 597
428 552
647 96
247 806
172 59
24 8
459 525
933 99
532 359
64 84
257 148
900 132
503 519
763 66
821 499
778 862
558 172
271 698
293 44
210 260
310 357
464 257
715 755
134 14
753 767
929 816
167 286
592 40
114 194
350 337
869 212
217 664
546 76
406 199
70 688
843 587
522 294
571 693
393 361
397 700
302 128
8 22
791 190
458 820
234 259
837 901
391 387
389 285
377 272
659 366
103 506
620 554
193 485
34 19
205 364
29 41
68 107
547 310
507 803
59 629
285 814
39 65
46 100
253 9
124 49
595 360
392 23
718 320
158 741
882 691
850 215
